# Created by Octave 4.0.2, Sat Aug 26 22:42:04 2017 IST <ss@sayan-ThinkPad-E420>
# name: pos
# type: matrix
# rows: 10
# columns: 19
 0.1701591282856355 0.03209970133594394 0.1352410435755717 0.1323687979934056 -0.09390695582590276 0.7897657022298413 0.5872952332577249 0.2443197036878815 -0.6777475461470592 0.4808168424855014 -0.06751848931433953 0.01984138264628749 0.2006994793103132 0.1529046032118936 0.1126154923494057 0.3844533508800854 -0.05191490542783067 -0.443910862533548 -0.2086681113111393
 0.0322552116033572 0.1703089190322602 0.04588602776645859 0.3454325875169793 0.4262043947457265 0.450259420418877 0.6398711823418463 0.1255082089181309 0.1562771771139625 0.1775423334832502 0.345470409368325 0.2293149572758452 0.3517067432870925 0.1867169399936162 0.2084725025431903 0.1376913558165007 -0.04421737885778189 0.6333491546828345 0.2852460460356922
 0.0003893395746489456 0.04194940787865947 0.6460032586946847 0.2655864037463798 0.1354163161733176 0.4975863903515593 0.2991907690737462 0.1579296094571476 0.3987166817514747 0.302384693688888 0.266137897329933 0.3337184345648839 0.2973006993625869 0.01409425675969798 0.2994262996667097 0.6437320221041968 0.1987752856265234 0.1952505830425845 0.02093673844368191
 0.004996447672892974 -0.0420554878042829 0.1065126453692135 0.05307892580024259 -0.005311726811694549 0.133849343821434 0.3128121239480761 -0.0559143325935734 0.1944542876380198 -0.5061440339142065 -0.303536850370777 -0.4414307541189046 0.01730104676857182 -0.02014712356496392 0.3282254650298582 -0.3381521298202901 -0.03297603912276523 0.06204554128585568 -0.006993903022755842
 -0.05071456397362391 0.220547525192507 0.5404771687245216 0.2898220882060336 0.4596971238251317 0.6304087016433847 0.696441039881772 0.302605134063171 0.3097730498548236 0.4862038731425011 -0.9357110609737834 0.2883883268184885 0.3664882281207378 0.1788800496538898 0.5635264258434975 0.6504074913790969 -0.08126618662477668 0.7003669726449149 0.3465199330903729
 1 0.4938944675170558 -0.2887539501632275 -0.6481867894759078 0.177674224641818 -0.04340171101211571 -0.1895132902006634 0.2967205111153603 0.6837322524914046 0.6589038449971109 -0.386882750122873 -1 0.4005711867865354 -0.06204866957022419 -0.3498474451978046 -0.06858590218674943 -0.1005426323744904 -0.3836732494613728 -0.3092287922554823
 -0.02798554912155043 -0.06288826777873688 -0.01597214506064949 0.08181272871992307 -0.08520215967406042 -0.1458187016484185 -0.1151766585310604 -0.07530260921284557 -0.2006323957108339 -0.109299690923091 -0.0330253151094139 0.1292154122137044 -0.1819013232994932 -0.01203185096293129 -0.129025453769379 -0.07582145681894084 -0.0226323819672587 -0.2366529866470601 0.03966050487002624
 0.03436202823200457 0.2549367977306047 0.09967926373340634 0.1202858003826933 0.5091554789406141 0.2249571726692182 0.2527713492207667 0.2096099638871595 0.7587251667595578 0.3583484689980536 0.1626295377919487 0.1346582099074091 0.09533944249664489 0.1251395617884878 0.4932891564037361 0.321201431757066 0.1921178271526089 0.7915215453796437 0.3076517396246395
 0.09236585792323543 0.2221581819711858 0.4861784220128955 0.3099873529333619 0.3969148280487406 0.7641963452381878 0.7810324146644999 0.2874659525905876 0.7960914712623864 0.6605835128716301 0.4632587908613453 0.3667486161702196 0.3961299618555411 0.1290838310191056 0.4530013464134532 0.467289241184883 0.2015571100815997 0.7235725023778357 0.2448824953383145
 0.04231218736499431 0.2439135752197116 0.5035546117003572 0.4421778870777858 0.645135160534538 0.6844002569966404 0.6830236382934244 0.4132600012688825 0.6814083541874049 0.360454561583286 0.3717132691931264 0.4559944989436702 0.5575507912426176 0.3043368156100431 0.5376017104630367 0.6633008063021336 0.2259799190948555 0.9144673402227685 0.3688428644387334


