# Created by Octave 4.0.2, Sun Aug 27 00:44:02 2017 IST <ss@sayan-ThinkPad-E420>
# name: cluster_of_movie
# type: scalar struct
# ndims: 2
 1 1
# length: 11
# name: 0
# type: scalar
0


# name: 9
# type: matrix
# rows: 1
# columns: 240
 1 2 3 5 6 7 8 9 10 11 12 13 16 17 19 20 21 22 23 24 25 28 29 31 32 33 35 38 40 42 44 46 47 49 50 51 54 55 59 62 65 66 67 69 70 74 77 81 83 84 88 93 94 97 98 101 102 103 106 117 120 122 123 124 125 126 127 130 131 133 134 138 139 141 142 143 144 145 148 150 152 153 156 157 158 159 160 164 165 167 171 172 175 180 181 184 185 191 193 194 196 197 198 199 200 203 204 205 206 208 209 210 212 214 219 222 225 226 228 230 233 234 235 238 239 240 241 243 245 246 249 250 253 254 259 260 261 263 264 267 268 269 275 276 281 282 283 284 285 286 289 294 295 299 303 304 305 306 308 310 311 315 316 317 319 322 323 326 327 329 330 332 333 335 337 342 343 345 346 355 362 363 366 368 370 371 373 374 380 381 382 384 385 390 391 392 395 396 401 402 404 407 415 420 423 424 426 428 439 440 442 443 445 448 449 450 455 456 461 462 463 467 468 471 473 475 476 479 482 483 484 485 486 488 492 494 495 496 497 499


# name: 2
# type: matrix
# rows: 1
# columns: 87
 1 6 11 16 17 18 21 25 26 29 31 32 35 44 46 49 55 59 65 66 69 71 81 87 88 97 101 102 112 125 141 143 146 149 150 153 155 160 175 191 196 197 204 208 219 233 238 245 254 259 264 267 268 269 278 281 285 286 293 299 303 308 311 322 323 327 341 345 359 363 381 384 407 420 423 431 440 445 455 456 461 470 471 473 486 495 499


# name: 10
# type: matrix
# rows: 1
# columns: 219
 1 3 5 6 7 10 11 13 14 16 17 18 21 22 25 26 28 29 30 32 33 34 35 38 39 40 44 45 46 48 49 50 55 56 59 65 68 69 75 76 80 81 85 87 88 90 93 94 96 99 101 102 103 106 112 114 123 124 125 127 129 130 131 136 138 139 141 142 143 144 145 148 150 151 155 156 158 162 163 167 169 171 172 175 182 183 185 188 190 197 202 203 204 205 206 208 209 212 213 214 219 220 221 223 226 233 234 235 237 238 244 245 251 252 253 254 255 259 261 264 267 268 269 270 272 275 276 277 278 279 281 282 285 286 288 289 292 293 295 300 303 305 307 308 310 311 313 314 315 316 318 319 322 323 326 328 329 331 333 335 338 342 345 349 353 362 363 367 372 373 374 377 379 390 391 392 393 396 398 402 404 407 414 420 423 424 426 428 430 440 443 445 448 449 453 454 455 456 461 462 468 469 470 473 475 476 477 479 480 483 484 486 488 493 494 495 497 499 500


# name: 8
# type: matrix
# rows: 1
# columns: 70
 1 2 3 6 7 16 17 21 25 28 32 35 38 40 46 49 59 65 75 80 81 90 97 99 101 102 106 123 142 155 197 204 219 233 235 245 259 264 267 285 295 308 310 322 327 329 332 335 341 345 391 392 407 420 423 428 433 442 448 456 471 473 475 486 488 493 495 496 497 499


# name: 5
# type: matrix
# rows: 1
# columns: 53
 1 5 7 11 17 21 25 32 33 38 46 49 55 77 94 101 102 106 129 130 185 190 197 198 219 233 234 264 267 269 275 283 285 314 315 322 323 333 345 391 407 408 420 423 428 439 448 462 473 475 484 486 493


# name: 3
# type: matrix
# rows: 1
# columns: 59
 1 6 11 17 24 25 28 33 35 38 44 49 55 59 69 92 98 101 102 114 130 135 145 169 183 208 219 233 260 264 267 275 276 277 285 308 314 321 322 323 326 328 329 342 345 390 391 404 407 424 428 441 455 456 473 475 484 486 500


# name: 1
# type: matrix
# rows: 1
# columns: 15
 11 76 130 167 219 261 283 285 295 322 353 407 445 449 479


# name: 7
# type: matrix
# rows: 1
# columns: 3
 47 285 323


# name: 6
# type: matrix
# rows: 1
# columns: 3
 233 283 428


# name: 4
# type: matrix
# rows: 1
# columns: 15
 17 31 38 46 49 102 155 208 233 264 267 285 428 495 499




